# oST version 5.0 parameters


[image]

width
640

height
480

[narrow_stereo/left]

camera matrix
442.622066 0.000000 274.820081
0.000000 440.300175 277.464023
0.000000 0.000000 1.000000

distortion
-0.289082 0.068533 -0.006894 0.012062 0.000000

rectification
0.911316 -0.316084 -0.263807
0.313417 0.948118 -0.053306
0.266969 -0.034103 0.963102

projection
819.554083 0.000000 463.116070 0.000000
0.000000 819.554083 312.306505 0.000000
0.000000 0.000000 1.000000 0.000000

# oST version 5.0 parameters


[image]

width
640

height
480

[narrow_stereo/right]

camera matrix
453.459552 0.000000 302.244866
0.000000 452.702665 273.514049
0.000000 0.000000 1.000000

distortion
-0.309584 0.091630 -0.006332 0.007427 0.000000

rectification
0.935061 -0.321958 -0.148338
0.323424 0.946138 -0.014808
0.145116 -0.034130 0.988826

projection
819.554083 0.000000 463.116070 -56.042240
0.000000 819.554083 312.306505 0.000000
0.000000 0.000000 1.000000 0.000000

